Steps: 500	loss: 3.53122	acc: 0.10809	ppl: 34.16556	LR: 0.00030000	*
Steps: 1000	loss: 3.25723	acc: 0.15921	ppl: 25.97750	LR: 0.00030000	*
Steps: 1500	loss: 2.97416	acc: 0.20463	ppl: 19.57309	LR: 0.00030000	*
Steps: 2000	loss: 2.81682	acc: 0.23296	ppl: 16.72361	LR: 0.00030000	*
